  0  0
  0  1
  1  0
  1  1
  0  0.857143
  0  0.714286
  0  0.571429
  0  0.428571
  0  0.285714
  0  0.142857
  0.142857  0
  0.285714  0
  0.428571  0
  0.571429  0
  0.714286  0
  0.857143  0
  0.142857  1
  0.285714  1
  0.428571  1
  0.571429  1
  0.714286  1
  0.857143  1
  1  0.857143
  1  0.714286
  1  0.571429
  1  0.428571
  1  0.285714
  1  0.142857
  0.499529  0.499808
  0.278501  0.73278
  0.731518  0.732754
  0.268179  0.266971
  0.721079  0.267877
  0.501869  0.783397
  0.201518  0.533798
  0.798006  0.466332
  0.49812  0.216299
  0.21855  0.794058
  0.793694  0.837341
  0.20625  0.162537
  0.781211  0.20617
  0.154221  0.647624
  0.88211  0.593889
  0.407047  0.867631
  0.353899  0.132013
  0.646403  0.867797
  0.117669  0.406075
  0.592595  0.132331
  0.845464  0.352633
  0.450107  0.621947
  0.629572  0.547017
  0.370024  0.452131
  0.549141  0.377876
  0.3253  0.579608
  0.578367  0.67063
  0.67407  0.420421
  0.42115  0.329007
  0.114311  0.50033
  0.885441  0.49972
  0.542494  0.917074
  0.457508  0.082848
  0.418158  0.711804
  0.758637  0.583714
  0.240964  0.416083
  0.581378  0.288222
  0.126099  0.759294
  0.879034  0.720195
  0.25329  0.881379
  0.76865  0.888333
  0.120811  0.279712
  0.231365  0.111562
  0.873755  0.240859
  0.746559  0.11872
  0.128291  0.875735
  0.880302  0.847775
  0.119629  0.152156
  0.871643  0.124324
