  31  46  34  55
  33  49  36  56
  52  29  50  54
  53  29  52  57
  38  66  42  30
  38  30  44  68
  39  69  46  31
  40  71  45  32
  41  33  48  73
  41  72  49  33
  30  42  35  54
  32  45  37  57
  50  29  51  55
  51  29  53  56
  21  20  60  46
  12  13  61  45
  26  59  36  49
  46  60  44  34
  7  58  35  42
  48  37  45  61
  7  42  66  6
  25  24  67  43
  19  18  68  44
  14  15  73  48
  8  9  70  47
  26  49  72  27
  68  74  66  38
  31  67  75  39
  22  69  39  75
  11  71  40  76
  32  70  76  40
  73  77  72  41
  30  62  34  44
  67  31  63  43
  59  43  63  36
  58  47  64  35
  70  32  64  47
  37  48  33  65
  74  5  6  66
  74  68  18  17
  75  67  24  23
  45  71  11  12
  46  69  22  21
  77  73  15  16
  76  70  9  10
  77  28  27  72
  54  50  62  30
  55  34  62  50
  55  51  63  31
  54  35  64  52
  56  36  63  51
  57  52  64  32
  57  37  65  53
  56  53  65  33
  5  74  17  2
  10  1  11  76
  23  4  22  75
  28  77  16  3
  47  58  7  8
  43  59  26  25
  44  60  20  19
  48  61  13  14
