  0  0
  0  1
  1  0
  1  1
  0  0.909091
  0  0.818182
  0  0.727273
  0  0.636364
  0  0.545455
  0  0.454545
  0  0.363636
  0  0.272727
  0  0.181818
  0  0.0909091
  0.0909091  0
  0.181818  0
  0.272727  0
  0.363636  0
  0.454545  0
  0.545455  0
  0.636364  0
  0.727273  0
  0.818182  0
  0.909091  0
  0.0909091  1
  0.181818  1
  0.272727  1
  0.363636  1
  0.454545  1
  0.545455  1
  0.636364  1
  0.727273  1
  0.818182  1
  0.909091  1
  1  0.909091
  1  0.818182
  1  0.727273
  1  0.636364
  1  0.545455
  1  0.454545
  1  0.363636
  1  0.272727
  1  0.181818
  1  0.0909091
  0.494095  0.500656
  0.280715  0.721422
  0.728039  0.73479
  0.306634  0.290435
  0.716815  0.277643
  0.491338  0.785079
  0.220869  0.533166
  0.777758  0.474625
  0.502977  0.212519
  0.180581  0.818779
  0.814562  0.82054
  0.195301  0.170648
  0.819482  0.181023
  0.414399  0.621765
  0.608819  0.584843
  0.376317  0.424187
  0.574219  0.375709
  0.165749  0.641655
  0.853841  0.633498
  0.344707  0.824069
  0.357193  0.170432
  0.649866  0.8272
  0.154884  0.368164
  0.833684  0.360834
  0.652921  0.168204
  0.325699  0.595402
  0.563325  0.678635
  0.668748  0.407975
  0.405709  0.330651
  0.106453  0.490068
  0.894828  0.512873
  0.508029  0.878444
  0.48707  0.110851
  0.0879917  0.730168
  0.90224  0.711911
  0.267971  0.910236
  0.265204  0.105273
  0.730571  0.911521
  0.115139  0.266951
  0.732326  0.0879188
  0.912042  0.270541
  0.393505  0.734426
  0.735018  0.628255
  0.265397  0.407573
  0.595765  0.256965
  0.0907818  0.90911
  0.907723  0.909413
  0.109538  0.104797
  0.909338  0.0909022
  0.397199  0.530394
  0.467047  0.399706
  0.646764  0.742204
  0.748924  0.383032
  0.177201  0.727901
  0.808988  0.731702
  0.210534  0.269747
  0.732295  0.175873
  0.266861  0.821546
  0.730488  0.823592
  0.274762  0.205482
  0.8223  0.272796
  0.51612  0.599703
  0.593082  0.473189
  0.248381  0.620249
  0.38328  0.260543
  0.0787989  0.41255
  0.919196  0.414593
  0.591807  0.912398
  0.58987  0.0836367
  0.080913  0.587081
  0.434016  0.901489
  0.924562  0.58704
  0.41036  0.0814365
  0.316124  0.497557
  0.637685  0.657277
  0.635665  0.330949
  0.49835  0.299927
  0.089925  0.818833
  0.905862  0.816993
  0.180348  0.909624
  0.185589  0.0658095
  0.817776  0.910269
  0.0715148  0.182173
  0.819706  0.0899059
  0.910156  0.181306
  0.188307  0.449739
  0.860351  0.439684
  0.565964  0.828446
  0.563584  0.164376
  0.417267  0.811073
  0.139684  0.563944
  0.815709  0.558969
  0.453598  0.189958
  0.356389  0.666515
  0.474915  0.684209
  0.676788  0.512743
  0.337371  0.36441
  0.0602825  0.353164
  0.91739  0.354664
  0.648917  0.91287
  0.649458  0.084961
  0.0825333  0.646539
  0.944634  0.642769
  0.352557  0.908955
  0.351226  0.0605276
  0.530016  0.435109
  0.232053  0.329526
  0.6516  0.230779
  0.804017  0.666371
  0.432112  0.465895
  0.439259  0.245767
  0.56141  0.622226
  0.567106  0.759512
  0.378201  0.580698
  0.418071  0.382196
  0.613109  0.421311
  0.342248  0.762336
  0.457222  0.564484
  0.554809  0.537409
