  83  12  13  127
  78  122  6  7
  85  129  43  42
  79  37  36  123
  82  126  33  32
  84  22  23  128
  80  27  26  124
  81  125  16  17
  90  124  26  25
  92  15  16  125
  90  5  6  122
  91  123  36  35
  91  34  33  126
  93  128  23  24
  92  127  13  14
  93  44  43  129
  47  103  66  96
  49  105  68  97
  62  108  46  98
  120  61  121  89
  134  86  139  50
  136  87  140  52
  104  100  83  56
  9  10  110  74
  40  39  116  75
  30  29  115  76
  20  77  117  19
  118  51  130  88
  121  53  133  89
  56  81  65  104
  119  59  140  87
  118  88  141  60
  46  108  70  138
  139  86  138  58
  73  141  48  109
  135  74  130  51
  136  52  131  75
  133  53  137  77
  141  88  151  48
  120  89  152  49
  68  131  52  97
  66  132  157  96
  79  99  153  63
  87  47  96  119
  72  120  49  97
  98  54  122  78
  102  80  124  54
  99  79  123  55
  103  55  126  82
  101  84  128  57
  105  57  129  85
  65  137  155  109
  62  135  51  108
  83  100  151  67
  65  109  48  104
  86  161  46  138
  98  78  146  62
  102  64  148  80
  103  82  144  66
  101  69  145  84
  105  85  143  68
  54  98  46  102
  55  103  47  99
  57  105  49  101
  136  63  153  87
  130  67  151  88
  133  69  152  89
  134  64  161  86
  122  54  124  90
  123  91  126  55
  81  56  92  125
  83  127  92  56
  128  93  129  57
  76  50  157  132
  80  148  28  27
  78  7  8  146
  79  147  38  37
  81  17  18  149
  82  32  31  144
  84  145  21  22
  83  142  11  12
  85  42  41  143
  150  45  154  95
  154  45  162  94
  121  61  150  95
  118  94  158  70
  121  95  159  73
  118  60  154  94
  9  74  135  114
  63  136  75  116
  50  76  115  134
  65  117  77  137
  30  76  132  112
  40  75  131  111
  74  110  67  130
  20  113  133  77
  9  114  146  8
  10  11  142  110
  30  112  144  31
  39  38  147  116
  40  111  143  41
  20  21  145  113
  29  28  148  115
  19  117  149  18
  119  96  157  71
  135  62  146  114
  79  63  116  147
  83  67  110  142
  134  115  148  64
  132  66  144  112
  131  68  143  111
  81  149  117  65
  133  113  145  69
  140  59  163  107
  104  48  151  100
  69  101  49  152
  87  153  99  47
  140  107  160  72
  64  102  46  161
  139  106  156  71
  139  58  162  106
  162  45  163  106
  150  107  163  45
  108  51  118  70
  109  155  121  73
  137  53  121  155
  71  156  59  119
  72  160  61  120
  50  139  71  157
  97  52  140  72
  58  138  70  158
  60  141  73  159
  60  159  95  154
  107  150  61  160
  59  156  106  163
  58  158  94  162
  2  5  90  25
  91  35  4  34
  92  14  1  15
  3  44  93  24
