  17  4  16  30
  5  31  13  2
  12  3  20  32
  9  33  8  1
  7  26  41  6
  15  14  44  27
  37  27  44  24
  35  26  38  25
  36  28  43  22
  18  28  40  19
  10  11  42  29
  34  29  42  23
  26  35  21  37
  27  37  21  36
  41  26  37  24
  39  27  36  22
  45  29  35  25
  40  28  34  23
  29  34  21  35
  28  36  21  34
  26  7  8  38
  28  18  17  43
  27  39  16  15
  29  45  9  10
  6  41  31  5
  11  12  32  42
  19  40  32  20
  14  13  31  44
  16  39  22  30
  8  33  25  38
  17  30  22  43
  40  23  42  32
  41  24  44  31
  9  45  25  33
