  0  0
  0  1
  1  0
  1  1
  0  0.8
  0  0.6
  0  0.4
  0  0.2
  0.2  0
  0.4  0
  0.6  0
  0.8  0
  0.2  1
  0.4  1
  0.6  1
  0.8  1
  1  0.8
  1  0.6
  1  0.4
  1  0.2
  0.500321  0.500457
  0.7562  0.761808
  0.712939  0.294573
  0.286532  0.707181
  0.243789  0.238367
  0.203947  0.489633
  0.489735  0.796055
  0.796054  0.51037
  0.510265  0.203948
  0.848298  0.850678
  0.171607  0.826645
  0.827536  0.174586
  0.151675  0.149435
  0.629162  0.377486
  0.366928  0.361073
  0.633091  0.639094
  0.370949  0.623483
  0.157261  0.30783
  0.685401  0.845078
  0.831926  0.341168
  0.167638  0.659752
  0.664427  0.171174
  0.84273  0.692265
  0.335151  0.829703
  0.314589  0.155018
